[
  {
    "camera_id": 0,
    "rotation": [
      [
        1.0,
        0.0,
        0.0
      ],
      [
        0.0,
        1.0,
        0.0
      ],
      [
        0.0,
        0.0,
        1.0
      ]
    ],
    "translation": [
      0.0,
      0.0,
      0.0
    ]
  },
  {
    "camera_id": 1,
    "rotation": [
      [
        1.0000000000000002,
        3.7475213258675067e-16,
        4.7025994404739e-17
      ],
      [
        -2.252690617998559e-17,
        1.0000000000000002,
        -5.260616569895137e-16
      ],
      [
        -2.915006799102237e-16,
        4.865120561571813e-16,
        1.0
      ]
    ],
    "translation": [
      -0.04799950108035825,
      0.526118045278116,
      0.8490558581911857
    ]
  },
  {
    "camera_id": 2,
    "rotation": [
      [
        0.9996426958181488,
        -0.002557130605619284,
        -0.026607175357247225
      ],
      [
        0.0037505621445743775,
        0.9989844015535,
        0.04490098814498163
      ],
      [
        0.026465335460280272,
        -0.04498473669881718,
        0.9986370509264676
      ]
    ],
    "translation": [
      -0.21031047468998648,
      0.5080816744207817,
      -0.16586327409045487
    ]
  },
  {
    "camera_id": 3,
    "rotation": [
      [
        0.9996426958181488,
        -0.0025571306056194863,
        -0.026607175357248894
      ],
      [
        0.003750562144574533,
        0.9989844015535001,
        0.04490098814497971
      ],
      [
        0.026465335460282107,
        -0.044984736698814955,
        0.9986370509264676
      ]
    ],
    "translation": [
      0.6669500458286525,
      0.8804873909980937,
      0.13700296932387232
    ]
  },
  {
    "camera_id": 4,
    "rotation": [
      [
        0.9326783985532343,
        0.3592393270752892,
        0.032528614398238884
      ],
      [
        -0.3563849639233734,
        0.9038216212681852,
        0.236846436362226
      ],
      [
        0.05568448941592233,
        -0.2324942640381549,
        0.971002396921781
      ]
    ],
    "translation": [
      1.010672459169983,
      0.1643811330601081,
      -0.9159523451647913
    ]
  },
  {
    "camera_id": 5,
    "rotation": [
      [
        0.932678398553234,
        0.35923932707528916,
        0.032528614398239154
      ],
      [
        -0.35638496392337354,
        0.9038216212681854,
        0.236846436362226
      ],
      [
        0.05568448941592202,
        -0.2324942640381549,
        0.971002396921781
      ]
    ],
    "translation": [
      0.9828807477312962,
      0.19009695491940054,
      0.08333055636080244
    ]
  },
  {
    "camera_id": 6,
    "rotation": [
      [
        0.7520608096060615,
        0.6463848531186642,
        0.1288066780622785
      ],
      [
        -0.652669433210719,
        0.703150440070397,
        0.28213838728752894
      ],
      [
        0.09179950766248898,
        -0.29625340552907037,
        0.9506875249551517
      ]
    ],
    "translation": [
      0.7436767543141402,
      -0.2884283683708521,
      -0.8817695759706887
    ]
  },
  {
    "camera_id": 7,
    "rotation": [
      [
        0.7520608096060614,
        0.6463848531186653,
        0.12880667806227578
      ],
      [
        -0.652669433210719,
        0.7031504400703963,
        0.28213838728753154
      ],
      [
        0.0917995076624929,
        -0.29625340552907065,
        0.9506875249551515
      ]
    ],
    "translation": [
      1.7385989445046972,
      -0.3745042932764406,
      -0.8296085692886983
    ]
  },
  {
    "camera_id": 8,
    "rotation": [
      [
        0.8937878273982179,
        0.44725443874373266,
        0.033268402708933775
      ],
      [
        -0.443340277225922,
        0.8698819529773801,
        0.21622855147621958
      ],
      [
        0.06776959630998144,
        -0.20801167012523653,
        0.9757758077077396
      ]
    ],
    "translation": [
      1.5656446437210843,
      0.29281454329843204,
      0.18120037227772523
    ]
  },
  {
    "camera_id": 9,
    "rotation": [
      [
        0.8937878273982178,
        0.4472544387437328,
        0.033268402708933914
      ],
      [
        -0.4433402772259223,
        0.8698819529773799,
        0.21622855147621994
      ],
      [
        0.06776959630998146,
        -0.20801167012523744,
        0.9757758077077393
      ]
    ],
    "translation": [
      1.545441385947723,
      -0.5211370641405277,
      0.7617816405967062
    ]
  },
  {
    "camera_id": 10,
    "rotation": [
      [
        0.8912009795114759,
        0.4526671340203615,
        0.029210955061055165
      ],
      [
        -0.4469894649788608,
        0.8654124761292716,
        0.22641038924421397
      ],
      [
        0.07720901706212373,
        -0.21483414984028146,
        0.9735938864571322
      ]
    ],
    "translation": [
      1.9310034796327862,
      -0.31141760359607173,
      -0.12031523787870135
    ]
  },
  {
    "camera_id": 11,
    "rotation": [
      [
        0.8912009795114764,
        0.45266713402036185,
        0.029210955061055286
      ],
      [
        -0.446989464978861,
        0.8654124761292717,
        0.22641038924421417
      ],
      [
        0.07720901706212345,
        -0.2148341498402819,
        0.9735938864571321
      ]
    ],
    "translation": [
      1.7693202754635158,
      -1.0771049371836756,
      -0.7428756354892984
    ]
  }
]